m,n_his,loop_var,loop_type,train_type,overwrite,his_takes,his_size,hits
7950X,16,0,0,0,0,32,128,15.0
7950X,16,0,0,1,0,64,128,14.875
7950X,16,0,0,2,0,16,128,15.275
7950X,32,0,0,0,0,64,128,30.75
7950X,32,0,0,1,0,192,512,30.325
7950X,32,0,0,2,0,48,128,31.05
7950X,64,0,0,0,0,48,128,60.1
7950X,64,0,0,1,0,256,512,61.275
7950X,64,0,0,2,0,64,128,62.825
7950X,128,0,0,0,0,32,128,117.1
7950X,128,0,0,1,0,64,128,121.425
7950X,128,0,0,2,0,16,128,124.6
7950X,256,0,0,0,0,64,128,228.25
7950X,256,0,0,1,0,64,128,235.325
7950X,256,0,0,2,0,64,128,249.075
7950X,512,0,0,0,0,64,128,452.875
7950X,512,0,0,1,0,32,128,461.05
7950X,512,0,0,2,0,48,128,573.325
7950X,1024,0,0,0,0,64,128,872.8
7950X,1024,0,0,1,0,48,128,894.75
7950X,1024,0,0,2,0,48,128,1185.075
7950X,2048,0,0,0,0,64,128,1615.9
7950X,2048,0,0,1,0,96,128,1659.275
7950X,2048,0,0,2,0,48,128,2296.25
7950X,4096,0,0,0,0,64,128,2713.025
7950X,4096,0,0,1,0,64,128,2744.225
7950X,4096,0,0,2,0,64,128,3387.925
7950X,4096,0,2,2,1,64,128,3312.875
7950X,4096,1,3,2,0,128,256,1407.5
7950X,4096,10,3,2,0,96,128,0.0
7950X,4096,100,3,2,0,128,256,0.0
7950X,4096,1000,3,2,0,32,128,0.0
7950X,4096,1000000,2,2,0,64,128,3380.925
7950X,4096,1000000,2,2,1,64,128,3335.55
7950X,4096,10000000,2,2,0,64,128,3407.95
7950X,4096,10000000,2,2,1,64,128,3368.375
7950X,4096,100000000,2,2,0,64,128,3335.575
7950X,4096,100000000,2,2,1,64,128,3397.15
7950X,4096,1000000000,2,2,0,64,128,3382.325
7950X,4096,1000000000,2,2,1,64,128,3309.4
7950X,8192,0,0,0,0,64,128,4172.35
7950X,8192,0,0,1,0,64,128,4208.0
7950X,8192,0,0,2,0,64,128,4790.575
7950X,8192,0,2,2,1,64,128,4723.0
7950X,8192,1,3,2,0,64,128,643.975
7950X,8192,10,3,2,0,256,512,0.0
7950X,8192,100,3,2,0,48,128,7.025
7950X,8192,1000,3,2,0,192,512,0.0
7950X,8192,1000000,2,2,0,64,128,4732.15
7950X,8192,1000000,2,2,1,64,128,4823.75
7950X,8192,10000000,2,2,0,64,128,4770.8
7950X,8192,10000000,2,2,1,64,128,4819.55
7950X,8192,100000000,2,2,0,64,128,4669.575
7950X,8192,100000000,2,2,1,64,128,4919.35
7950X,8192,1000000000,2,2,0,64,128,4722.825
7950X,8192,1000000000,2,2,1,64,128,4958.25
