m,n_his,loop_var,loop_type,train_type,overwrite,his_takes,his_size,hits
9-285K,16,0,0,0,0,48,256,14.55
9-285K,16,0,0,1,0,128,512,13.35
9-285K,16,0,0,2,0,192,512,14.9
9-285K,32,0,0,0,0,32,256,28.2
9-285K,32,0,0,1,0,128,512,28.125
9-285K,32,0,0,2,0,48,256,29.85
9-285K,64,0,0,0,0,16,256,53.5
9-285K,64,0,0,1,0,128,512,52.675
9-285K,64,0,0,2,0,48,256,54.825
9-285K,128,0,0,0,0,32,256,91.65
9-285K,128,0,0,1,0,16,256,92.4
9-285K,128,0,0,2,0,48,256,98.875
9-285K,256,0,0,0,0,32,512,127.975
9-285K,256,0,0,1,0,16,256,149.675
9-285K,256,0,0,2,0,32,512,134.075
9-285K,512,0,0,0,0,16,512,286.85
9-285K,512,0,0,1,0,16,512,291.3
9-285K,512,0,0,2,0,16,512,300.7
9-285K,512,0,2,2,1,16,512,296.57142857142856
9-285K,512,1,3,2,0,16,512,279.5
9-285K,512,10,3,2,0,16,512,226.35714285714286
9-285K,512,100,3,2,0,16,512,130.28571428571428
9-285K,512,1000,3,2,0,16,512,47.714285714285715
9-285K,512,1000000,2,2,0,16,512,310.57142857142856
9-285K,512,1000000,2,2,1,16,512,288.92857142857144
9-285K,512,10000000,2,2,0,16,512,306.85714285714283
9-285K,512,10000000,2,2,1,16,512,303.7142857142857
9-285K,512,100000000,2,2,0,16,512,321.2142857142857
9-285K,512,100000000,2,2,1,16,512,291.57142857142856
9-285K,512,1000000000,2,2,0,16,512,322.85714285714283
9-285K,512,1000000000,2,2,1,16,512,299.57142857142856
9-285K,1024,0,0,0,0,16,512,554.7
9-285K,1024,0,0,1,0,16,512,535.425
9-285K,1024,0,0,2,0,16,512,529.85
9-285K,1024,0,2,2,1,16,512,530.55
9-285K,1024,1,3,2,0,16,512,411.575
9-285K,1024,10,3,2,0,16,512,221.575
9-285K,1024,100,3,2,0,16,512,108.875
9-285K,1024,1000,3,2,0,16,512,52.275
9-285K,1024,1000000,2,2,0,16,512,540.175
9-285K,1024,1000000,2,2,1,16,512,526.5
9-285K,1024,10000000,2,2,0,16,512,545.35
9-285K,1024,10000000,2,2,1,16,512,529.2
9-285K,1024,100000000,2,2,0,16,512,544.325
9-285K,1024,100000000,2,2,1,16,512,520.825
9-285K,1024,1000000000,2,2,0,16,512,537.975
9-285K,1024,1000000000,2,2,1,16,512,525.675
9-285K,2048,0,0,0,0,16,512,504.075
9-285K,2048,0,0,1,0,16,512,520.4
9-285K,2048,0,0,2,0,16,512,447.85
9-285K,2048,0,2,2,1,16,512,475.325
9-285K,2048,1,3,2,0,16,512,367.5
9-285K,2048,10,3,2,0,16,512,154.325
9-285K,2048,100,3,2,0,16,512,75.5
9-285K,2048,1000,3,2,0,16,512,32.95
9-285K,2048,1000000,2,2,0,16,512,472.125
9-285K,2048,1000000,2,2,1,16,512,467.55
9-285K,2048,10000000,2,2,0,16,512,475.275
9-285K,2048,10000000,2,2,1,16,512,472.575
9-285K,2048,100000000,2,2,0,16,512,464.875
9-285K,2048,100000000,2,2,1,16,512,467.675
9-285K,2048,1000000000,2,2,0,16,512,463.575
9-285K,2048,1000000000,2,2,1,16,512,452.075
9-285K,4096,0,0,0,0,16,512,456.825
9-285K,4096,0,0,1,0,16,512,411.9
9-285K,4096,0,0,2,0,16,512,402.775
9-285K,4096,0,2,2,1,16,512,405.6
9-285K,4096,1,3,2,0,16,512,339.725
9-285K,4096,10,3,2,0,16,512,99.175
9-285K,4096,100,3,2,0,16,512,42.825
9-285K,4096,1000,3,2,0,16,512,23.25
9-285K,4096,1000000,2,2,0,16,512,404.2
9-285K,4096,1000000,2,2,1,16,512,400.5
9-285K,4096,10000000,2,2,0,16,512,402.275
9-285K,4096,10000000,2,2,1,16,512,403.775
9-285K,4096,100000000,2,2,0,16,512,394.55
9-285K,4096,100000000,2,2,1,16,512,400.725
9-285K,4096,1000000000,2,2,0,16,512,394.575
9-285K,4096,1000000000,2,2,1,16,512,400.05
9-285K,8192,0,0,0,0,16,512,396.925
9-285K,8192,0,0,1,0,16,512,394.85
9-285K,8192,0,0,2,0,16,512,380.925
9-285K,8192,0,2,2,1,16,512,362.7
9-285K,8192,1,3,2,0,16,512,307.45
9-285K,8192,10,3,2,0,16,512,73.425
9-285K,8192,100,3,2,0,16,512,33.8
9-285K,8192,1000,3,2,0,16,512,20.3
9-285K,8192,1000000,2,2,0,16,512,363.575
9-285K,8192,1000000,2,2,1,16,512,362.35
9-285K,8192,10000000,2,2,0,16,512,367.275
9-285K,8192,10000000,2,2,1,16,512,361.475
9-285K,8192,100000000,2,2,0,16,512,356.85
9-285K,8192,100000000,2,2,1,16,512,359.4
9-285K,8192,1000000000,2,2,0,16,512,365.25
9-285K,8192,1000000000,2,2,1,16,512,361.575
