m,n_his,loop_var,loop_type,train_type,overwrite,his_takes,his_size,hits
Cortex-A76,16,0,0,0,0,96,128,15.25
Cortex-A76,16,0,0,1,0,96,256,14.5
Cortex-A76,16,0,0,2,0,256,512,15.55
Cortex-A76,32,0,0,0,0,32,256,25.575
Cortex-A76,32,0,0,1,0,48,256,30.025
Cortex-A76,32,0,0,2,0,96,256,31.3
Cortex-A76,64,0,0,0,0,64,256,28.35
Cortex-A76,64,0,0,1,0,48,256,60.9
Cortex-A76,64,0,0,2,0,48,128,63.125
Cortex-A76,128,0,0,0,0,256,512,49.425
Cortex-A76,128,0,0,1,0,48,256,120.525
Cortex-A76,128,0,0,2,0,48,128,128.05
Cortex-A76,256,0,0,0,0,64,128,58.625
Cortex-A76,256,0,0,1,0,64,256,179.05
Cortex-A76,256,0,0,2,0,32,128,262.45
Cortex-A76,512,0,0,0,0,48,256,63.125
Cortex-A76,512,0,0,1,0,48,128,284.275
Cortex-A76,512,0,0,2,0,48,128,516.6
Cortex-A76,1024,0,0,0,0,48,256,78.875
Cortex-A76,1024,0,0,1,0,64,256,362.425
Cortex-A76,1024,0,0,2,0,48,128,1011.55
Cortex-A76,2048,0,0,0,0,96,128,81.125
Cortex-A76,2048,0,0,1,0,48,256,384.975
Cortex-A76,2048,0,0,2,0,32,128,1633.55
Cortex-A76,4096,0,0,0,0,64,256,96.5
Cortex-A76,4096,0,0,1,0,64,256,357.35
Cortex-A76,4096,0,0,2,0,32,512,2275.85
Cortex-A76,4096,0,2,2,1,16,512,2454.8333333333335
Cortex-A76,4096,1,3,2,0,16,128,0.0
Cortex-A76,4096,10,3,2,0,192,256,0.0
Cortex-A76,4096,100,3,2,0,192,256,0.0
Cortex-A76,4096,1000,3,2,0,16,512,0.0
Cortex-A76,4096,1000000,2,2,0,32,128,2506.8888888888887
Cortex-A76,4096,1000000,2,2,1,64,128,2469.75
Cortex-A76,4096,10000000,2,2,0,32,128,2489.9444444444443
Cortex-A76,4096,10000000,2,2,1,32,128,2622.5
Cortex-A76,4096,100000000,2,2,0,16,512,2385.4166666666665
Cortex-A76,4096,100000000,2,2,1,16,512,2512.0
Cortex-A76,4096,1000000000,2,2,0,32,512,2354.1111111111113
Cortex-A76,4096,1000000000,2,2,1,64,128,2343.5
Cortex-A76,8192,0,0,0,0,48,256,123.275
Cortex-A76,8192,0,0,1,0,32,256,370.25
Cortex-A76,8192,0,0,2,0,32,512,2817.9
Cortex-A76,8192,0,2,2,1,32,512,2754.842105263158
Cortex-A76,8192,1,3,2,0,16,512,0.0
Cortex-A76,8192,10,3,2,0,16,64,0.0
Cortex-A76,8192,100,3,2,0,128,256,0.0
Cortex-A76,8192,1000,3,2,0,192,256,0.0
Cortex-A76,8192,1000000,2,2,0,32,128,2807.15625
Cortex-A76,8192,1000000,2,2,1,32,128,2879.96875
Cortex-A76,8192,10000000,2,2,0,32,128,2815.34375
Cortex-A76,8192,10000000,2,2,1,32,128,2867.84375
Cortex-A76,8192,100000000,2,2,0,32,512,2791.9210526315787
Cortex-A76,8192,100000000,2,2,1,32,128,2737.46875
Cortex-A76,8192,1000000000,2,2,0,32,128,2802.75
Cortex-A76,8192,1000000000,2,2,1,32,128,2768.28125
