m,n_his,loop_var,loop_type,train_type,overwrite,his_takes,his_size,hits
i9-14900K,16,0,0,0,0,48,256,14.625
i9-14900K,16,0,0,1,0,64,256,14.425
i9-14900K,16,0,0,2,0,64,256,14.925
i9-14900K,32,0,0,0,0,32,256,29.15
i9-14900K,32,0,0,1,0,48,256,28.65
i9-14900K,32,0,0,2,0,48,256,28.0
i9-14900K,64,0,0,0,0,32,256,50.025
i9-14900K,64,0,0,1,0,16,256,55.075
i9-14900K,64,0,0,2,0,48,256,51.575
i9-14900K,128,0,0,0,0,32,256,90.3
i9-14900K,128,0,0,1,0,16,256,97.025
i9-14900K,128,0,0,2,0,64,256,98.15
i9-14900K,256,0,0,0,0,32,256,168.325
i9-14900K,256,0,0,1,0,16,256,151.9
i9-14900K,256,0,0,2,0,48,256,171.1
i9-14900K,512,0,0,0,0,32,256,244.975
i9-14900K,512,0,0,1,0,16,256,206.075
i9-14900K,512,0,0,2,0,64,128,274.6
i9-14900K,512,0,2,2,1,16,512,100.5
i9-14900K,512,1,3,2,0,16,512,147.0
i9-14900K,512,10,3,2,0,16,512,52.5
i9-14900K,512,100,3,2,0,16,512,0.0
i9-14900K,512,1000,3,2,0,16,512,0.0
i9-14900K,512,1000000,2,2,0,16,512,194.0
i9-14900K,512,1000000,2,2,1,16,512,300.5
i9-14900K,512,10000000,2,2,0,16,512,282.0
i9-14900K,512,10000000,2,2,1,16,512,128.0
i9-14900K,512,100000000,2,2,0,16,512,159.0
i9-14900K,512,100000000,2,2,1,16,512,144.5
i9-14900K,512,1000000000,2,2,0,16,512,237.0
i9-14900K,512,1000000000,2,2,1,16,512,201.5
i9-14900K,1024,0,0,0,0,16,256,258.075
i9-14900K,1024,0,0,1,0,32,128,222.275
i9-14900K,1024,0,0,2,0,32,128,408.4
i9-14900K,1024,0,2,2,1,16,128,459.05263157894734
i9-14900K,1024,1,3,2,0,16,128,482.3421052631579
i9-14900K,1024,10,3,2,0,16,128,297.7631578947368
i9-14900K,1024,100,3,2,0,16,128,63.78947368421053
i9-14900K,1024,1000,3,2,0,16,128,1.0789473684210527
i9-14900K,1024,1000000,2,2,0,16,128,360.94736842105266
i9-14900K,1024,1000000,2,2,1,16,128,378.2894736842105
i9-14900K,1024,10000000,2,2,0,16,128,377.2105263157895
i9-14900K,1024,10000000,2,2,1,16,128,438.63157894736844
i9-14900K,1024,100000000,2,2,0,16,128,435.2368421052632
i9-14900K,1024,100000000,2,2,1,16,128,464.2894736842105
i9-14900K,1024,1000000000,2,2,0,16,128,430.6842105263158
i9-14900K,1024,1000000000,2,2,1,16,128,450.36842105263156
i9-14900K,2048,0,0,0,0,16,256,214.275
i9-14900K,2048,0,0,1,0,16,64,171.675
i9-14900K,2048,0,0,2,0,16,128,474.325
i9-14900K,2048,0,2,2,1,16,128,448.5
i9-14900K,2048,1,3,2,0,16,128,456.85
i9-14900K,2048,10,3,2,0,16,128,293.65
i9-14900K,2048,100,3,2,0,16,128,78.375
i9-14900K,2048,1000,3,2,0,16,128,0.925
i9-14900K,2048,1000000,2,2,0,16,128,460.2
i9-14900K,2048,1000000,2,2,1,16,128,391.25
i9-14900K,2048,10000000,2,2,0,16,128,453.275
i9-14900K,2048,10000000,2,2,1,16,128,437.5
i9-14900K,2048,100000000,2,2,0,16,128,516.4
i9-14900K,2048,100000000,2,2,1,16,128,490.15
i9-14900K,2048,1000000000,2,2,0,16,128,471.475
i9-14900K,2048,1000000000,2,2,1,16,128,522.775
i9-14900K,4096,0,0,0,0,16,256,217.325
i9-14900K,4096,0,0,1,0,16,64,204.975
i9-14900K,4096,0,0,2,0,32,128,520.4
i9-14900K,4096,0,2,2,1,32,128,414.65
i9-14900K,4096,1,3,2,0,16,128,366.9166666666667
i9-14900K,4096,10,3,2,0,16,128,245.58333333333334
i9-14900K,4096,100,3,2,0,16,128,82.58333333333333
i9-14900K,4096,1000,3,2,0,16,128,1.5
i9-14900K,4096,1000000,2,2,0,16,128,351.5416666666667
i9-14900K,4096,1000000,2,2,1,32,128,422.25
i9-14900K,4096,10000000,2,2,0,32,128,464.925
i9-14900K,4096,10000000,2,2,1,32,128,436.375
i9-14900K,4096,100000000,2,2,0,16,128,482.1666666666667
i9-14900K,4096,100000000,2,2,1,16,128,444.375
i9-14900K,4096,1000000000,2,2,0,16,128,475.4583333333333
i9-14900K,4096,1000000000,2,2,1,16,128,455.8333333333333
i9-14900K,8192,0,0,0,0,16,128,134.9
i9-14900K,8192,0,0,1,0,16,128,243.55
i9-14900K,8192,0,0,2,0,32,128,377.55
i9-14900K,8192,0,2,2,1,32,128,407.94117647058823
i9-14900K,8192,1,3,2,0,32,128,377.7352941176471
i9-14900K,8192,10,3,2,0,16,128,255.75
i9-14900K,8192,100,3,2,0,16,128,83.5
i9-14900K,8192,1000,3,2,0,16,128,2.375
i9-14900K,8192,1000000,2,2,0,32,128,393.88235294117646
i9-14900K,8192,1000000,2,2,1,32,128,385.6470588235294
i9-14900K,8192,10000000,2,2,0,32,128,437.5
i9-14900K,8192,10000000,2,2,1,32,128,413.1470588235294
i9-14900K,8192,100000000,2,2,0,16,128,426.5
i9-14900K,8192,100000000,2,2,1,32,128,436.2352941176471
i9-14900K,8192,1000000000,2,2,0,32,128,433.3235294117647
i9-14900K,8192,1000000000,2,2,1,16,128,420.0
