m,n_his,loop_var,loop_type,train_type,overwrite,his_takes,his_size,hits
Cortex-X3,16,0,0,0,0,256,512,14.025
Cortex-X3,16,0,0,1,0,192,512,13.55
Cortex-X3,16,0,0,2,0,192,512,14.45
Cortex-X3,32,0,0,0,0,256,512,27.425
Cortex-X3,32,0,0,1,0,256,512,25.925
Cortex-X3,32,0,0,2,0,256,512,29.0
Cortex-X3,64,0,0,0,0,192,512,47.3
Cortex-X3,64,0,0,1,0,192,512,42.075
Cortex-X3,64,0,0,2,0,192,512,59.375
Cortex-X3,128,0,0,0,0,192,512,79.325
Cortex-X3,128,0,0,1,0,256,512,79.525
Cortex-X3,128,0,0,2,0,256,512,118.6
Cortex-X3,256,0,0,0,0,256,512,126.95
Cortex-X3,256,0,0,1,0,192,512,120.9
Cortex-X3,256,0,0,2,0,256,512,236.7
Cortex-X3,512,0,0,0,0,256,512,208.075
Cortex-X3,512,0,0,1,0,256,512,202.25
Cortex-X3,512,0,0,2,0,256,512,457.5
Cortex-X3,1024,0,0,0,0,96,128,363.675
Cortex-X3,1024,0,0,1,0,256,512,325.225
Cortex-X3,1024,0,0,2,0,256,512,874.975
Cortex-X3,2048,0,0,0,0,192,512,626.625
Cortex-X3,2048,0,0,1,0,64,128,471.625
Cortex-X3,2048,0,0,2,0,256,512,1638.975
Cortex-X3,4096,0,0,0,0,256,512,839.325
Cortex-X3,4096,0,0,1,0,256,512,675.675
Cortex-X3,4096,0,0,2,0,192,512,2955.7
Cortex-X3,8192,0,0,0,0,64,256,1208.325
Cortex-X3,8192,0,0,1,0,192,512,1074.6
Cortex-X3,8192,0,0,2,0,64,512,5227.725
Cortex-X3,8192,0,2,2,1,96,512,4924.55
Cortex-X3,8192,1,3,2,0,32,512,0.45
Cortex-X3,8192,10,3,2,0,64,256,1.0
Cortex-X3,8192,100,3,2,0,192,256,1.736842105263158
Cortex-X3,8192,1000,3,2,0,192,256,2.1315789473684212
Cortex-X3,8192,1000000,2,2,0,64,512,5221.275
Cortex-X3,8192,1000000,2,2,1,64,512,5124.425
Cortex-X3,8192,10000000,2,2,0,64,512,5213.375
Cortex-X3,8192,10000000,2,2,1,64,512,5202.2
Cortex-X3,8192,100000000,2,2,0,64,512,5149.95
Cortex-X3,8192,100000000,2,2,1,64,512,5191.775
Cortex-X3,8192,1000000000,2,2,0,64,512,5199.8
Cortex-X3,8192,1000000000,2,2,1,64,512,5178.925
